10	      2670.00           97.44       60.77 
50	    	533.09           19.49       12.15
100	    	266.54             9.74          6.08
150	    	177.54             6.49          4.05
200	        133.30             4.87          3.04
250	        106.60             3.90          2.43
300	           88.77            3.25          2.02
350	           76.17            2.78          1.74
400	           66.61            2.44          1.52
450	           59.25            2.17          1.35 
500	           53.30            1.95          1.22
1013.25	   26.30            0.96          0.60
